0	1	0	16	0	0	0	0	45.5614448	126.6185532	170.326400	1
1	0	3	16	0.00000000	0.00000000	0.00000000	0.00000000	45.56279600	126.61943400	32.000000	1
2	0	3	16	0.00000000	0.00000000	0.00000000	0.00000000	45.56368270	126.61923030	32.000000	1
3	0	3	16	0.00000000	0.00000000	0.00000000	0.00000000	45.56411910	126.61859830	32.000000	1
4	0	3	16	0.00000000	0.00000000	0.00000000	0.00000000	45.56434330	126.61796090	32.000000	1
5	0	3	16	0.00000000	0.00000000	0.00000000	0.00000000	45.56456740	126.61732350	32.000000	1
6	0	3   16	         0	         0   0.00000000	0.00000000	45.56506690	126.61733950	32.000000	1
7	0	3	16	0.00000000	0.00000000	0.00000000	0.00000000	45.56522030	126.61795540	32.000000	1   
8	0	3	16	0.00000000	0.00000000	0.00000000	0.00000000	45.56508450	126.61846430	32.000000	1
9	0	3	16	0.00000000	0.00000000	0.00000000	0.00000000	45.56494870	126.61897310	32.000000	1
10	0	3	16	0.00000000	0.00000000	0.00000000	0.00000000	45.56460660	126.61927300	32.000000	1

